-34.666619
-32.417148
-10.283810
-31.579154
-34.426691
-30.789636
-31.398135
-33.045455
-34.229682
-34.158414
-35.139690
-35.117409
-34.968876
-29.947290
-28.688726
-31.679086
-34.529226
-32.538739
-33.449113
-33.757968
-33.549584
-33.778634
-31.699107
-31.216757
-33.218723
-32.607178
-31.058336
-28.387234
-30.108687
-28.888559
-29.925039
-31.545874
-32.757772
-31.998101
-32.788341
-32.778927
-33.288574
-31.887263
-32.735750
-30.787398
-30.248188
-31.518193
-28.941902
-29.117360
-28.878515
-28.802833
-28.218562
-31.734137
-31.768049
-33.498595
-33.637111
-31.109099
-30.308000
-30.998916
-31.179373
-30.998086
-31.408829
-31.068335
-30.567608
-29.369263
-32.199066
-31.517726
-30.638801
-31.849165
-33.868787
-31.178936
-33.799253
-32.397147
-29.140125
-26.569018
-26.087807
-22.207140
-26.699760
-31.656509
-31.678482
-29.689562
-28.698039
-26.216603
-27.143613
-22.216790
-27.213487
-28.514411
-22.907230
-20.416307
-25.187981
-24.963143
-23.940737
-24.967180
-25.877992
-27.555237
-29.125560
-33.306857
-34.597319
-35.019006
-33.709368
-30.976139
-34.186102
-34.247541
-29.594531
-26.205788
-30.937348
-29.927703
-30.987724
-32.549181
-30.489087
-28.039007
-32.197956
-30.889277
-29.856901
-30.327091
-30.998784
-28.547984
-27.619500
-25.610969
-26.014903
-28.299229
-29.632610
-25.754495
-24.352192
-25.224691
-25.186573
-19.569030
-22.839074
-25.104533
-28.181539
-35.318568
-30.766709
-25.859989
-31.712344
-28.834746
-32.173167
-30.022631
-25.856423
-24.217732
-27.715512
-23.106685
-25.472203
-22.439982
-23.552910
-24.216928
-24.659646
-27.516729
-23.197322
-23.142239
-26.744322
-25.009894
-27.637569
-28.663541
-22.769994
-19.229921
-21.160515
-28.990873
-26.488927
-29.190742
-30.086957
-29.221635
-28.913359
-26.132554
-31.410588
-33.568300
-34.045716
-34.846166
-34.755272
-34.739942
-35.098410
-28.791141
-26.170552
-27.878707
-25.588438
-24.331716
-25.764095
-27.080308
-25.922223
-23.837392
-24.315952
-26.221930
-23.114998
-21.590404
-27.146924
-24.637347
-27.557798
-24.824997
-29.088028
-27.671354
-24.501288
-16.687915
-24.536113
-28.450833
-24.100203
-21.579227
-19.976286
-21.319951
-24.930622
-26.514891
-24.336001
-24.696285
-27.438187
-27.161968
-26.811806
-24.576437
-29.649606
-29.075768
-29.496340
-29.854320
-32.187895
-31.514653
-32.426389
-35.344347
-34.797017
-34.486649
-35.087744
-33.747998
-35.609611
-34.927695
-35.588504
-35.297577
-35.019357
-35.518161
-36.656917
-34.995494
-35.748570
-34.837867
-36.356757
-34.957834
-37.848465
-33.777698
-32.337922
-32.887265
-34.789038
-34.167914
-33.907799
-33.028002
-33.507982
-33.299317
-32.597253
-31.917357
-33.008044
-32.793065
-33.678717
-32.768426
-33.237928
-32.848800
-32.668636
-33.117650
-31.709014
-30.577294
-31.966239
-31.548064
-30.475550
-31.998776
-31.708246
-34.416003
-33.747920
-32.568288
-34.108459
-34.506058
-34.126402
-31.737744
-32.567885
-31.747808
-31.356999
-31.669002
-32.155727
-32.057925
-34.028470
-33.754746
-35.348536
-33.695616
-35.937307
-34.695805
-35.827688
-35.346205
-31.475471
-31.218261
-26.846111
-27.421429
-28.345246
-29.785385
-32.709472
-33.025841
-33.324894
-34.266601
-31.355511
-27.715718
-29.602516
-32.127452
-32.967098
-31.728716
-34.055870
-32.672326
-30.582283
-28.345716
-29.001338
-30.245677
-30.904973
-30.025008
-30.526009
-28.724954
-32.037684
-31.615711
-33.883998
-28.260934
-22.368554
-21.195943
-26.406113
-25.602448
-20.817178
-22.759133
-27.462159
-25.931132
-28.448784
-27.584409
-31.174646
-22.006497
-26.629498
-27.379342
-34.042887
-25.000339
-20.223899
-23.113135
-21.122848
-23.576787
-27.848779
-28.199905
-29.851047
-28.977002
-24.982196
-23.058812
-26.166896
-29.154871
-31.497052
-29.096886
-30.240745
-31.345757
-29.392848
-29.270058
-25.856748
-24.113013
-27.523337
-26.817685
-28.026692
-27.185993
-27.803979
-27.687053
-28.238620
-27.255339
-29.276522
-28.325206
-28.813056
-26.053678
-26.695044
-26.934442
-27.051990
-26.614481
-26.378024
-27.114396
-28.433219
-29.643052
-31.888543
-28.728230
-30.846673
-30.926640
-33.658024
-31.196172
-32.487277
-32.326057
-32.346275
-31.308185
-32.497244
-32.778400
-34.187043
-34.136917
-33.939269
-31.645287
-33.758979
-33.188975
-33.039157
-32.217975
-33.308799
-29.484158
-29.503617
-30.018939
-31.656889
-28.519413
-29.427679
-29.634554
-25.859615
-28.753725
-33.215938
-31.987066
-35.589163
-33.430452
-32.903345
-31.264504
-30.035715
-29.682000
-27.537064
-28.137145
-32.378732
-30.476814
-31.025249
-29.577495
-29.248831
-28.648685
-29.707763
-31.087048
-30.318431
-30.167488
-28.018622
-27.098915
-28.553641
-24.814960
-26.929290
-30.609148
-29.727670
-30.287946
-29.898206
-31.789441
-32.087603
-30.626871
-31.968773
-30.247504
-32.188985
-31.757005
-32.777323
-33.557517
-33.798610
-33.384979
-34.816729
-32.517582
-34.532926
-36.576289
-35.185072
-34.089316
-34.917630
-35.146946
-35.967754
-35.517634
-36.717661
-33.375409
-32.075219
-29.534074
-30.183155
-27.787398
-31.898879
-31.086921
-27.914970
-24.984331
-31.159379
-27.848927
-30.128681
-31.932626
-33.435021
-29.285416
-29.535567
-32.486048
-29.888432
-33.856096
-33.360793
-35.277579
-33.663306
-32.662269
-31.591996
-32.334627
-30.659124
-33.548526
-33.039009
-32.609138
-33.308078
-30.687919
-34.286661
-32.517865
-29.782849
-31.196089
-30.368679
-28.752136
-31.383988
-30.475975
-32.376152
-32.296080
-34.504904
-29.883049
-30.862467
-29.782301
-29.205888
-26.867845
-28.897533
-29.328527
-29.523038
-29.448174
-30.479229
-32.255675
-32.165602
-30.050990
-29.897237
-29.259275
-30.670625
-31.706608
-33.038462
-35.673733
-35.536901
-37.108267
-36.756219
-35.708809
-36.247967
-35.326019
-37.343966
-38.467412
-37.248229
-35.135246
-35.657484
-34.737908
-34.477949
-33.688676
-37.057100
-35.677765
-36.376769
-37.797349
-36.767018
-32.860522
-24.665439
